0.02	0 00000100110111010111
0.25	1 01100000010111001010
0.0196078431372549	2 10000001100010100111
0.1	3 01001101110110111001
-0.25	4 00111010100111001100
-0.022727272727272728	5 01101100100111010000
0.07142857142857142	6 01101100101111000010
0.5	7 10001001110100010110
0.02040816326530612	8 00011100110001100010
0.125	9 00101001000000110110
0.02857142857142857	10 01011000010100101000
-0.5	11 01000110100011000011
0.02127659574468085	12 00110101011101111101
1.0	13 10011000011000110011
0.02127659574468085	14 10110001101101010000
0.14285714285714285	15 10110011000101100001
0.022727272727272728	16 01100110001010101100
0.1111111111111111	17 00010011010010100000
0.02127659574468085	18 10101010001101000111
-0.3333333333333333	19 11011001101001001011
0.020833333333333332	20 00100010010001001011
0.1	21 10111011101100001001
0.024390243902439025	23 10010000100000000011
0.14285714285714285	22 11000011100100110010
0.023255813953488372	24 11011100011100111010
-0.038461538461538464	25 01000110010011001001
0.024390243902439025	26 10010001000110000100
0.5	27 10000001010010011101
0.024390243902439025	28 10010000010001000111
-0.09090909090909091	29 01111100001100101010
0.022222222222222223	31 10100100001000011100
0.5	30 10000011000110010011
0.020833333333333332	32 10111000110111000101
-0.5	33 00111100010000000000
-0.045454545454545456	34 10001100001010001000
0.1	35 01101101100110101101
0.021739130434782608	36 11010100000100101101
0.2	37 01010110001010010100
0.02	38 11011101000001110000
-0.038461538461538464	39 01001100100101001010
