0.02	0 00000100110111001010
0.1	1 01100000010111010111
0.0196078431372549	2 10000001110010100111
0.05263157894736842	3 01001101100110111001
-0.25	4 00111010100111011100
0.1	5 01101100100111000000
0.07142857142857142	6 10101100101111000010
0.16666666666666666	7 01001001110100010110
0.02040816326530612	8 00011000110001100110
0.125	9 00101001000000110010
0.02857142857142857	10 01011000010100100010
-0.038461538461538464	11 01000110100011001001
0.02127659574468085	12 00110101011101110011
1.0	13 10011000011000111101
0.02127659574468085	14 10110011000101100000
0.07142857142857142	15 10110001101101010001
0.022727272727272728	16 01100110001010100000
0.1111111111111111	17 00010011010010101100
0.02127659574468085	18 10101010101001000111
1.0	19 11011001001101001011
0.020833333333333332	20 00111010010001001001
0.14285714285714285	21 10100011101100001011
0.5	23 10000000100000000010
0.14285714285714285	22 11010011100100110011
0.023255813953488372	24 11010110010011001010
-0.05555555555555555	25 01001100011100111001
0.024390243902439025	26 10010001000110001101
0.5	27 10000001010010010100
0.024390243902439025	28 01111000001100000111
1.0	29 10010100010001101010
0.16666666666666666	31 10100100000100011100
0.5	30 10000011001010010011
0.020833333333333332	32 10111100010111000000
0.1	33 00111000110000000101
-0.045454545454545456	34 10001101100110001000
-0.5	35 01101100001010101101
0.021739130434782608	36 11010100000010010100
0.2	37 01010110001100101101
0.02	38 11011101000001110000
-0.038461538461538464	39 01001100100101001010
