0.02	0 00000100010111001010
0.02	1 01100000110111010111
0.0196078431372549	2 10000001100010111001
0.02	3 01001101110110100111
-0.25	4 01101100100111010000
0.02631578947368421	5 00111010100111001100
0.07142857142857142	6 01101100101111000110
0.023809523809523808	7 10001001110100010010
0.02040816326530612	8 00011001000000110110
0.02631578947368421	9 00101100110001100010
0.02857142857142857	10 01011000100011000011
0.021739130434782608	11 01000110010100101000
0.02127659574468085	12 00110101011101111101
0.024390243902439025	13 10011000011000110011
0.02127659574468085	14 10110011000101100001
0.018518518518518517	15 10110001101101010000
0.022727272727272728	16 01100111010010100000
0.02040816326530612	17 00010010001010101100
0.02127659574468085	18 10101010001101000111
0.02702702702702703	19 11011001101001001011
0.020833333333333332	20 00100010010000001001
0.021739130434782608	21 10111011101101001011
0.02127659574468085	22 11000011100100000011
0.024390243902439025	23 10010000100000110010
0.023255813953488372	24 11011100011100111010
0.07142857142857142	25 01000110010011001001
0.024390243902439025	26 10010001010010011101
0.023809523809523808	27 10000001000110000100
0.024390243902439025	28 10010000010000101010
0.034482758620689655	29 01111100001101000111
0.023809523809523808	30 10000010001000011100
0.022222222222222223	31 10100101000110010011
0.020833333333333332	32 10111000110111000100
0.02631578947368421	33 00111100010000000001
-0.045454545454545456	34 10001100100110101101
0.02127659574468085	35 01101101001010001000
0.021739130434782608	36 11010100001010010100
0.022222222222222223	37 01010110000100101101
0.02	38 11011101000001110000
0.07142857142857142	39 01001100100101001010
