0.02	0 00000000010111010111
0.25	1 01100100110111001010
0.0196078431372549	2 10000001110110110111
1.0	3 01001101100010101001
-0.25	4 00111010100111000000
-0.022727272727272728	5 01101100100111011100
0.07142857142857142	6 10101100110100010110
0.125	7 01001001101111000010
0.02040816326530612	8 00011001000000110010
-0.5	9 00101000110001100110
0.02857142857142857	10 01011000010100100010
-0.038461538461538464	11 01000110100011001001
0.02127659574468085	12 00110100011001110011
1.0	13 10011001011100111101
0.02127659574468085	14 10110011000101100001
0.07142857142857142	15 10110001101101010000
0.022727272727272728	16 01100111010010100000
0.1111111111111111	17 00010010001010101100
0.02127659574468085	18 10011001001101001011
0.16666666666666666	19 11101010101001000111
0.020833333333333332	20 00111010010001001001
0.14285714285714285	21 10100011101100001011
1.0	23 10010011100100110011
0.1	22 11000000100000000010
0.023255813953488372	24 11010110010011011001
-0.05555555555555555	25 01001100011100101010
0.024390243902439025	26 10010001000110010100
0.5	27 10000001010010001101
0.024390243902439025	28 01111100010001101011
1.0	29 10010000001100000110
0.2	31 10100010000100011100
0.5	30 10000101001010010011
0.020833333333333332	32 00111000110000000000
-0.015384615384615385	33 00111100010111000101
-0.045454545454545456	34 10001101100010101000
-0.125	35 01101100001110001101
0.021739130434782608	36 11010100000010010100
0.2	37 01010110001100101101
0.02	38 11011101000001001010
-0.038461538461538464	39 01001100100101110000
