0.02	0 00000000010111010111
0.25	1 01100100110111001010
0.0196078431372549	2 10000001110110110011
0.1	3 01001101100010101101
-0.25	4 00101010100111000000
-0.018867924528301886	5 01111100100111011100
0.07142857142857142	6 10101100110111000010
0.14285714285714285	7 01001001101100010110
0.02040816326530612	8 00011000100001100110
0.125	9 00101001010000110010
0.02857142857142857	10 01011000010100100010
-0.038461538461538464	11 01000110100011001001
0.02127659574468085	12 00110100011001110011
1.0	13 10011001011100111101
0.02127659574468085	14 10110001100101100001
0.14285714285714285	15 10110011001101010000
0.022727272727272728	16 01100111010010101100
0.1111111111111111	17 00010010001010100000
0.02127659574468085	18 10011010101001000111
1.0	19 11101001001101001011
0.020833333333333332	20 10111010010100001001
0.25	21 00100011101001001011
1.0	23 10010011100000000011
0.1	22 11000000100100110010
0.023255813953488372	24 01011100011100101010
0.1	25 11000110010011011001
0.024390243902439025	26 10010001010010001101
0.5	27 10000001000110010100
0.024390243902439025	28 01111100001101101011
1.0	29 10010000010000000110
0.2	31 10100101001010011100
0.5	30 10000010000100010011
0.020833333333333332	32 00111100010111000101
0.1	33 00111000110000000000
-0.045454545454545456	34 01101101100010101001
-0.07142857142857142	35 10001100001110001100
0.021739130434782608	36 11010110000010001101
0.2	37 01010100001100110100
0.02	38 11011101100101110010
0.1	39 01001100000001001000
