0.02	0 00000100110111010111
0.25	1 01100000010111001010
0.0196078431372549	2 10000001110110111001
0.3333333333333333	3 01001101100010100111
-0.25	4 00111010100111001100
-0.022727272727272728	5 01101100100111010000
0.07142857142857142	6 01101100101111000010
0.5	7 10001001110100010110
0.02040816326530612	8 00011000110001100010
0.125	9 00101001000000110110
0.02857142857142857	10 01011000010100100010
-0.038461538461538464	11 01000110100011001001
0.02127659574468085	12 00110101011100110011
1.0	13 10011000011001111101
0.02127659574468085	14 10110011000101100001
0.07142857142857142	15 10110001101101010000
0.022727272727272728	16 01100110001010100000
0.1111111111111111	17 00010011010010101100
0.02127659574468085	18 10101001101001000111
0.14285714285714285	19 11011010001101001011
0.020833333333333332	20 00100010010001001001
0.1	21 10111011101100001011
1.0	23 10010011100100110011
0.1	22 11000000100000000010
0.023255813953488372	24 11010110010011001001
-0.05555555555555555	25 01001100011100111010
0.024390243902439025	26 10010001000010010100
0.5	27 10000001010110001101
0.024390243902439025	28 01111100010001000111
1.0	29 10010000001100101010
0.16666666666666666	31 10100100001010011100
0.5	30 10000011000100010011
0.020833333333333332	32 10111000110111000000
-0.5	33 00111100010000000101
-0.045454545454545456	34 10001100001010001000
0.1	35 01101101100110101101
0.021739130434782608	36 11010100000010010100
0.2	37 01010110001100101101
0.02	38 01001100100101001000
0.1	39 11011101000001110010
